1
3 10 136
0
13
28
36
64
77
106
133
138
138
139
140
168
196
203
224
249
267
294
314
319
327
335
349
375
394
419
435
459
461
485
492
521
547
556
560
585
590
608
615
642
671
692
702
721
747
761
771
790
820
835
852
875
882
885
897
913
942
970
990
995
1012
1042
1053
1081
1103
1127
1157
1181
1197
1213
1222
1250
1250
1263
1264
1272
1291
1319
1341
1360
1377
1385
1396
1421
1427
1451
1471
1481
1492
1504
1504
1516
1518
1526
1532
1553
1553
1583
1590
1617
1633
1659
1671
1681
1684
1703
1728
1749
1773
1791
1802
1832
1861
1881
1898
1907
1919
1949
1965
1977
1979
1983
1988
2010
2025
2043
2073
2084
2100
2127
2131
2136
2162
2166
2183
